40.4	0.0029976551935548064	0.00404226583196063	-0.15185280608373403	0.9888673827240307	-0.14770797859651832	-0.017990343061221926	0.14159514806793444	0.9712514418905492	-0.19136731870713447	0.04573962645398411	0.1866895542992922	0.981353604409433	7.655480797315036e-38	1.0207307729753354e-37	-5.443897455868435e-36	4.790629761164215e-35	1.143218465732374e-35	8.165846183802683e-37	8.710235929389502e-36	9.145747725858992e-35	2.7219487279342176e-36	1.2248769275704058e-36	-6.532676947042147e-36	4.572873862929496e-35	1.0207307729753354e-37	1.3609743639671098e-37	-7.258529941157955e-36	6.38750634821899e-35	1.5242912876431608e-35	1.0887794911736878e-36	1.1613647905852709e-35	1.2194330301145286e-34	3.629264970578978e-36	1.6331692367605366e-36	-8.710235929389502e-36	6.097165150572643e-35	-5.443897455868435e-36	-7.258529941157955e-36	3.871215968617572e-34	-3.406670052383442e-33	-8.129553534096891e-34	-5.806823952926363e-35	-6.193945549788118e-34	-6.503642827277513e-33	-1.935607984308786e-34	-8.710235929389496e-35	4.645459162341091e-34	-3.2518214136387565e-33	4.790629761164215e-35	6.38750634821899e-35	-3.406670052383442e-33	2.997869646097438e-32	7.154007110005236e-33	5.110005078575192e-34	5.45067208381354e-33	5.723205688004189e-32	1.703335026191721e-33	7.665007617862744e-34	-4.088004062860154e-33	2.8616028440020946e-32	1.143218465732374e-35	1.5242912876431608e-35	-8.129553534096891e-34	7.154007110005236e-33	1.707206242160344e-33	1.2194330301145286e-34	1.3007285654555043e-33	1.365764993728275e-32	4.064776767048446e-34	1.8291495451717984e-34	-9.755464240916229e-34	6.828824968641375e-33	8.165846183802683e-37	1.0887794911736878e-36	-5.806823952926363e-35	5.110005078575192e-34	1.2194330301145286e-34	8.710235929389502e-36	9.290918324682167e-35	9.755464240916229e-34	2.903411976463182e-35	1.3065353894084293e-35	-6.968188743511602e-35	4.8777321204581144e-34	8.710235929389502e-36	1.1613647905852709e-35	-6.193945549788118e-34	5.45067208381354e-33	1.3007285654555043e-33	9.290918324682167e-35	9.910312879660946e-34	1.0405828523643992e-32	3.0969727748940478e-34	1.3936377487023228e-34	-7.43273465974571e-34	5.202914261821996e-33	9.145747725858992e-35	1.2194330301145286e-34	-6.503642827277513e-33	5.723205688004189e-32	1.365764993728275e-32	9.755464240916229e-34	1.0405828523643992e-32	1.09261199498262e-31	3.251821413638755e-33	1.4633196361374351e-33	-7.804371392733016e-33	5.4630599749131e-32	2.7219487279342176e-36	3.629264970578978e-36	-1.935607984308786e-34	1.703335026191721e-33	4.064776767048446e-34	2.903411976463182e-35	3.0969727748940478e-34	3.251821413638755e-33	9.678039921543896e-35	4.3551179646947503e-35	-2.322729581170542e-34	1.6259107068193776e-33	1.2248769275704058e-36	1.6331692367605366e-36	-8.710235929389496e-35	7.665007617862744e-34	1.8291495451717984e-34	1.3065353894084293e-35	1.3936377487023228e-34	1.4633196361374351e-33	4.3551179646947503e-35	1.9598030841126426e-35	-1.0452283115267394e-34	7.316598180687175e-34	-6.532676947042147e-36	-8.710235929389502e-36	4.645459162341091e-34	-4.088004062860154e-33	-9.755464240916229e-34	-6.968188743511602e-35	-7.43273465974571e-34	-7.804371392733016e-33	-2.322729581170542e-34	-1.0452283115267394e-34	5.574550994809293e-34	-3.902185696366508e-33	4.572873862929496e-35	6.097165150572643e-35	-3.2518214136387565e-33	2.8616028440020946e-32	6.828824968641375e-33	4.8777321204581144e-34	5.202914261821996e-33	5.4630599749131e-32	1.6259107068193776e-33	7.316598180687175e-34	-3.902185696366508e-33	2.73152998745655e-32
73.4	0.004086599376516674	0.003588714652162957	-0.18158096926723435	0.9876464242923383	-0.1534205322850388	-0.03188543328743521	0.15205596810945377	0.9874980127442916	-0.04155306713544361	0.03786189568482888	0.03619136774759025	0.9986273888471631	0.	0.	0.	0.	0.	0.	0.	0.	0.	0.	0.	0.	0.	0.	0.	0.	0.	0.	0.	0.	0.	0.	0.	0.	0.	0.	9.67803992154393e-35	2.24530526179818e-33	4.451898363910172e-34	-4.839019960771967e-36	-3.677655170186673e-34	3.174397094266412e-33	-7.742431937235147e-35	-4.839019960771965e-35	4.839019960771967e-36	2.24530526179818e-33	0.	0.	2.24530526179818e-33	5.209108207371778e-32	1.0328404204271609e-32	-1.1226526308990941e-34	-8.532159994833127e-33	7.364601258698029e-32	-1.7962442094385506e-33	-1.12265263089909e-33	1.1226526308990941e-34	5.209108207371778e-32	0.	0.	4.451898363910172e-34	1.0328404204271609e-32	2.0478732473986947e-33	-2.2259491819551031e-35	-1.691721378285875e-33	1.4602226633625473e-32	-3.561518691128165e-34	-2.225949181955086e-34	2.2259491819551031e-35	1.0328404204271609e-32	0.	0.	-4.839019960771967e-36	-1.1226526308990941e-34	-2.2259491819551031e-35	2.4195099803859814e-37	1.8388275850933364e-35	-1.5871985471331988e-34	3.87121596861757e-36	2.4195099803859835e-36	-2.4195099803859814e-37	-1.1226526308990941e-34	0.	0.	-3.677655170186673e-34	-8.532159994833127e-33	-1.691721378285875e-33	1.8388275850933364e-35	1.3975089646709405e-33	-1.206270895821231e-32	2.9421241361493473e-34	1.83882758509334e-34	-1.838827585093342e-35	-8.532159994833096e-33	0.	0.	3.174397094266412e-33	7.364601258698029e-32	1.4602226633625473e-32	-1.5871985471331988e-34	-1.206270895821231e-32	1.0412022469193767e-31	-2.539517675413118e-33	-1.5871985471332027e-33	1.5871985471331988e-34	7.364601258698049e-32	0.	0.	-7.742431937235147e-35	-1.7962442094385506e-33	-3.561518691128165e-34	3.87121596861757e-36	2.9421241361493473e-34	-2.539517675413118e-33	6.193945549788106e-35	3.8712159686175597e-35	-3.871215968617566e-36	-1.7962442094385434e-33	0.	0.	-4.839019960771965e-35	-1.12265263089909e-33	-2.225949181955086e-34	2.4195099803859835e-36	1.83882758509334e-34	-1.5871985471332027e-33	3.8712159686175597e-35	2.419509980385974e-35	-2.4195099803859748e-36	-1.1226526308990908e-33	0.	0.	4.839019960771967e-36	1.1226526308990941e-34	2.2259491819551031e-35	-2.4195099803859814e-37	-1.838827585093342e-35	1.5871985471331988e-34	-3.871215968617566e-36	-2.4195099803859748e-36	2.419509980385979e-37	1.1226526308990896e-34	0.	0.	2.24530526179818e-33	5.209108207371778e-32	1.0328404204271609e-32	-1.1226526308990941e-34	-8.532159994833096e-33	7.364601258698049e-32	-1.7962442094385434e-33	-1.1226526308990908e-33	1.1226526308990896e-34	5.209108207371796e-32
106.39999999999999	0.005187478600266939	0.0024104039159237975	-0.21165761113219633	0.9874197650029543	-0.14862665952962836	-0.053965949992353705	0.148593930315072	0.9888874083009683	-0.004640859544707749	0.05405600387591453	-0.0034365361715034113	0.9985319918080244	1.3609743639671098e-37	1.2475598336365215e-37	-1.451705988231591e-35	-3.484094371755801e-35	1.3791206888200003e-35	-5.443897455868435e-36	-1.9598030841126493e-35	0.	-4.082923091901342e-37	2.7219487279342176e-36	1.4743888942977037e-37	1.1613647905852729e-34	1.2475598336365215e-37	1.1435965141668083e-37	-1.330730489212282e-35	-3.193753174109495e-35	1.2641939647516702e-35	-4.990239334546081e-36	-1.796486160436594e-35	0.	-3.742679500909543e-37	2.4951196672730405e-36	1.3515231531062326e-37	1.0645843913698256e-34	-1.451705988231591e-35	-1.330730489212282e-35	1.5484863874470288e-33	3.7163673298728725e-33	-1.4710620680746692e-33	5.806823952926314e-34	2.09045662305349e-33	0.	4.355117964694748e-35	-2.903411976463157e-34	-1.5726814872508802e-35	-1.238789109957623e-32	-3.484094371755801e-35	-3.193753174109495e-35	3.7163673298728725e-33	8.91928159169485e-33	-3.530548963379201e-33	1.3936377487023194e-33	5.017095895328382e-33	0.	1.0452283115267435e-34	-6.968188743511597e-34	-3.7744355694021214e-35	-2.9730938638982986e-32	1.3791206888200003e-35	1.2641939647516702e-35	-1.4710620680746692e-33	-3.530548963379201e-33	1.3975089646709432e-33	-5.516482755280021e-34	-1.985933791900814e-33	0.	-4.1373620664600084e-35	2.7582413776400105e-34	1.494047412888336e-35	1.1768496544597354e-32	-5.443897455868435e-36	-4.990239334546081e-36	5.806823952926314e-34	1.3936377487023194e-33	-5.516482755280021e-34	2.1775589823473715e-34	7.839212336450571e-34	0.	1.6331692367605392e-35	-1.0887794911736857e-34	-5.8975555771907854e-36	-4.645459162341051e-33	-1.9598030841126493e-35	-1.796486160436594e-35	2.09045662305349e-33	5.017095895328382e-33	-1.985933791900814e-33	7.839212336450571e-34	2.8221164411222024e-33	0.	5.879409252337925e-35	-3.919606168225283e-34	-2.1231200077886933e-35	-1.6723652984427845e-32	0.	0.	0.	0.	0.	0.	0.	0.	0.	0.	0.	0.	-4.082923091901342e-37	-3.742679500909543e-37	4.355117964694748e-35	1.0452283115267435e-34	-4.1373620664600084e-35	1.6331692367605392e-35	5.879409252337925e-35	0.	1.2248769275704016e-36	-8.165846183802659e-36	-4.423166682893111e-37	-3.4840943717558003e-34	2.7219487279342176e-36	2.4951196672730405e-36	-2.903411976463157e-34	-6.968188743511597e-34	2.7582413776400105e-34	-1.0887794911736857e-34	-3.919606168225283e-34	0.	-8.165846183802659e-36	5.44389745586845e-35	2.9487777885954074e-36	2.3227295811705345e-33	1.4743888942977037e-37	1.3515231531062326e-37	-1.5726814872508802e-35	-3.7744355694021214e-35	1.494047412888336e-35	-5.8975555771907854e-36	-2.1231200077886933e-35	0.	-4.423166682893111e-37	2.9487777885954074e-36	1.5972546354891784e-37	1.2581451898007089e-34	1.1613647905852729e-34	1.0645843913698256e-34	-1.238789109957623e-32	-2.9730938638982986e-32	1.1768496544597354e-32	-4.645459162341051e-33	-1.6723652984427845e-32	0.	-3.4840943717558003e-34	2.3227295811705345e-33	1.2581451898007089e-34	9.91031287966095e-32
140.06666666666666	0.007140308050430628	0.001000877907782369	-0.24505546932579353	0.9831090307198432	-0.14563485249913108	-0.11084729791317574	0.1479519907033406	0.9889100277613346	0.012929247464577463	0.1077350554091584	-0.029110938333178397	0.9937533452046041	1.8297544226668933e-36	-4.158532778788381e-37	6.919798543903911e-35	2.555002539287596e-34	-5.855214152534058e-35	1.7299496359759778e-35	1.8630226848971976e-35	2.44854410015061e-34	1.6634131115153625e-37	-5.189848907927894e-35	-8.98243080218297e-36	-3.0872947349725027e-34	-4.158532778788381e-37	9.451210860882744e-38	-1.5726814872508802e-35	-5.806823952926363e-35	1.330730489212282e-35	-3.9317037181272005e-36	-4.234142465675465e-36	-5.564872954887715e-35	-3.780484344353099e-38	1.1795111154381571e-35	2.041461545950674e-36	7.016578943119312e-35	6.919798543903911e-35	-1.5726814872508802e-35	2.616941994785463e-33	9.66255505766943e-33	-2.2143355340492516e-33	6.542354986963658e-34	7.0456130628839495e-34	9.259948596933202e-33	6.290725949003552e-36	-1.962706496089106e-33	-3.396992012461907e-34	-1.1675587361350586e-32	2.555002539287596e-34	-5.806823952926363e-35	9.66255505766943e-33	3.56771263667794e-32	-8.176008125720307e-33	2.4156387644173577e-33	2.6014571309110085e-33	3.419057943483021e-32	2.3227295811705418e-35	-7.246916293252073e-33	-1.2542739738320956e-33	-4.310986102652512e-32	-5.855214152534058e-35	1.330730489212282e-35	-2.2143355340492516e-33	-8.176008125720307e-33	1.8736685288108987e-33	-5.535838835123129e-34	-5.961672591671032e-34	-7.835341120481952e-33	-5.32292195684916e-36	1.660751650536926e-33	2.8743778566985506e-34	9.879343151912009e-33	1.7299496359759778e-35	-3.9317037181272005e-36	6.542354986963658e-34	2.4156387644173577e-33	-5.535838835123129e-34	1.6355887467409144e-34	1.7614032657209874e-34	2.3149871492333005e-33	1.572681487250888e-36	-4.906766240222765e-34	-8.492480031154768e-35	-2.9188968403376465e-33	1.8630226848971976e-35	-4.234142465675465e-36	7.0456130628839495e-34	2.6014571309110085e-33	-5.961672591671032e-34	1.7614032657209874e-34	1.8968958246226023e-34	2.4930630837897106e-33	1.6936569862701836e-36	-5.28420979716297e-34	-9.145747725858992e-35	-3.143427366517458e-33	2.44854410015061e-34	-5.564872954887715e-35	9.259948596933202e-33	3.419057943483021e-32	-7.835341120481952e-33	2.3149871492333005e-33	2.4930630837897106e-33	3.2765971958379e-32	2.2259491819550938e-35	-6.944961447699889e-33	-1.2020125582557535e-33	-4.13136168170866e-32	1.6634131115153625e-37	-3.780484344353099e-38	6.290725949003552e-36	2.3227295811705418e-35	-5.32292195684916e-36	1.572681487250888e-36	1.6936569862701836e-36	2.2259491819550938e-35	1.5121937377412368e-38	-4.718044461752652e-36	-8.165846183802651e-37	-2.806631577247724e-35	-5.189848907927894e-35	1.1795111154381571e-35	-1.962706496089106e-33	-7.246916293252073e-33	1.660751650536926e-33	-4.906766240222765e-34	-5.28420979716297e-34	-6.944961447699889e-33	-4.718044461752652e-36	1.4720298720668253e-33	2.5477440093464284e-34	8.756690521012921e-33	-8.98243080218297e-36	2.041461545950674e-36	-3.396992012461907e-34	-1.2542739738320956e-33	2.8743778566985506e-34	-8.492480031154768e-35	-9.145747725858992e-35	-1.2020125582557535e-33	-8.165846183802651e-37	2.5477440093464284e-34	4.409556939253431e-35	1.5155810517137723e-33	-3.0872947349725027e-34	7.016578943119312e-35	-1.1675587361350586e-32	-4.310986102652512e-32	9.879343151912009e-33	-2.9188968403376465e-33	-3.143427366517458e-33	-4.13136168170866e-32	-2.806631577247724e-35	8.756690521012921e-33	1.5155810517137723e-33	5.209108207371796e-32
177.06666666666666	0.006289128672434699	0.00031984550656123656	-0.2711846340827298	0.9811886845058172	-0.14836263660574306	-0.12352041716708938	0.1513251314703901	0.9883716625717017	0.014905073321373887	0.11987272410022591	-0.03331643265174895	0.9922300868912188	6.389018541956697e-37	0.	-5.34711705665302e-35	1.1952379303106689e-34	-1.7299496359759778e-35	1.572681487250888e-36	0.	1.0065161518405683e-34	-2.653900009735865e-36	-2.044485933426143e-35	8.256577808067096e-36	-8.807016328604937e-35	0.	0.	0.	0.	0.	0.	0.	0.	0.	0.	0.	0.	-5.34711705665302e-35	0.	4.47512565972191e-33	-1.000322206290779e-32	1.4478347722629617e-33	-1.3162134293299712e-34	0.	-8.423765947711816e-33	2.2211101619943315e-34	1.7110774581289665e-33	-6.910120503982353e-34	7.370795204247794e-33	1.1952379303106689e-34	0.	-1.000322206290779e-32	2.2360143434735092e-32	-3.2363365497642756e-33	2.9421241361493383e-34	0.	1.8829594471355765e-32	-4.964834479752035e-34	-3.8247613769941404e-33	1.5446151714784116e-33	-1.6475895162436325e-32	-1.7299496359759778e-35	0.	1.4478347722629617e-33	-3.2363365497642756e-33	4.684171322027247e-34	-4.258337565479328e-35	0.	-2.72533604190677e-33	7.185944641746376e-35	5.535838835123129e-34	-2.2356272218766364e-34	2.384669036668413e-33	1.572681487250888e-36	0.	-1.3162134293299712e-34	2.9421241361493383e-34	-4.258337565479328e-35	3.87121596861757e-36	0.	2.477578219915245e-34	-6.532676947042147e-36	-5.032580759202842e-35	2.0323883835242254e-35	-2.1678809424258376e-34	0.	0.	0.	0.	0.	0.	0.	0.	0.	0.	0.	0.	1.0065161518405683e-34	0.	-8.423765947711816e-33	1.8829594471355765e-32	-2.72533604190677e-33	2.477578219915245e-34	0.	1.585650060745755e-32	-4.1809132461069576e-34	-3.2208516858898063e-33	1.300728565455499e-33	-1.3874438031525308e-32	-2.653900009735865e-36	0.	2.2211101619943315e-34	-4.964834479752035e-34	7.185944641746376e-35	-6.532676947042147e-36	0.	-4.1809132461069576e-34	1.1023892348133578e-35	8.492480031154755e-35	-3.429655397197119e-35	3.6582990903435873e-34	-2.044485933426143e-35	0.	1.7110774581289665e-33	-3.8247613769941404e-33	5.535838835123129e-34	-5.032580759202842e-35	0.	-3.2208516858898063e-33	8.492480031154755e-35	6.542354986963675e-34	-2.642104898581483e-34	2.8182452251535866e-33	8.256577808067096e-36	0.	-6.910120503982353e-34	1.5446151714784116e-33	-2.2356272218766364e-34	2.0323883835242254e-35	0.	1.300728565455499e-33	-3.429655397197119e-35	-2.642104898581483e-34	1.067003901350215e-34	-1.1381374947735623e-33	-8.807016328604937e-35	0.	7.370795204247794e-33	-1.6475895162436325e-32	2.384669036668413e-33	-2.1678809424258376e-34	0.	-1.3874438031525308e-32	3.6582990903435873e-34	2.8182452251535866e-33	-1.1381374947735623e-33	1.214013327758464e-32
209.73333333333332	0.006320097106444749	-0.0004866924625593863	-0.29987420152146155	0.976757432012476	-0.15152800365385466	-0.15160535319399046	0.15421352295277635	0.9880190441505783	0.006046299220384687	0.14887279250048005	-0.0292853633142273	0.9884226116134022	1.512193737741239e-36	-8.978650317838557e-38	-5.806823952926363e-35	1.5484863874470294e-34	-4.355117964694748e-35	4.113166966656174e-35	5.080970958810557e-35	-3.967996367833015e-34	3.0243874754824794e-37	2.9034119764631817e-35	-1.1795111154381571e-35	-1.935607984308786e-34	-8.978650317838557e-38	5.331073626216672e-39	3.447801722050001e-36	-9.194137925466682e-36	2.5858512915375053e-36	-2.4421928864520973e-36	-3.016826506793773e-36	2.3559978434008387e-35	-1.7957300635677114e-38	-1.7239008610250004e-36	7.003347247914105e-37	1.1492672406833353e-35	-5.806823952926363e-35	3.447801722050001e-36	2.2298203979237126e-33	-5.946187727796587e-33	1.6723652984427895e-33	-1.579456115195961e-33	-1.9510928481832458e-33	1.523710605247879e-32	-1.1613647905852709e-35	-1.1149101989618563e-33	4.529322683282545e-34	7.432734659745746e-33	1.5484863874470294e-34	-9.194137925466682e-36	-5.946187727796587e-33	1.5856500607457568e-32	-4.459640795847425e-33	4.211882973855908e-33	5.202914261822017e-33	-4.063228280660989e-32	3.096972774894056e-35	2.9730938638982934e-33	-1.2078193822086788e-33	-1.9820625759321977e-32	-4.355117964694748e-35	2.5858512915375053e-36	1.6723652984427895e-33	-4.459640795847425e-33	1.2542739738320956e-33	-1.1845920863969698e-33	-1.4633196361374387e-33	1.1427829539359012e-32	-8.710235929389502e-36	-8.361826492213948e-34	3.396992012461907e-34	5.574550994809278e-33	4.113166966656174e-35	-2.4421928864520973e-36	-1.579456115195961e-33	4.211882973855908e-33	-1.1845920863969698e-33	1.1187814149304776e-33	1.3820241007964705e-33	-1.0792950120505761e-32	8.22633393331232e-36	7.897280575979804e-34	-3.208270233991809e-34	-5.264853717319903e-33	5.080970958810557e-35	-3.016826506793773e-36	-1.9510928481832458e-33	5.202914261822017e-33	-1.4633196361374387e-33	1.3820241007964705e-33	1.707206242160344e-33	-1.3332467795918884e-32	1.0161941917621086e-35	9.755464240916244e-34	-3.963157347872223e-34	-6.503642827277505e-33	-3.967996367833015e-34	2.3559978434008387e-35	1.523710605247879e-32	-4.063228280660989e-32	1.1427829539359012e-32	-1.0792950120505761e-32	-1.3332467795918884e-32	1.0412022469193767e-31	-7.935992735665994e-35	-7.618553026239355e-33	3.095037166909743e-33	5.079035350826249e-32	3.0243874754824794e-37	-1.7957300635677114e-38	-1.1613647905852709e-35	3.096972774894056e-35	-8.710235929389502e-36	8.22633393331232e-36	1.0161941917621086e-35	-7.935992735665994e-35	6.048774950964947e-38	5.806823952926328e-36	-2.359022230876326e-36	-3.8712159686175597e-35	2.9034119764631817e-35	-1.7239008610250004e-36	-1.1149101989618563e-33	2.9730938638982934e-33	-8.361826492213948e-34	7.897280575979804e-34	9.755464240916244e-34	-7.618553026239355e-33	5.806823952926328e-36	5.574550994809293e-34	-2.2646613416412727e-34	-3.716367329872867e-33	-1.1795111154381571e-35	7.003347247914105e-37	4.529322683282545e-34	-1.2078193822086788e-33	3.396992012461907e-34	-3.208270233991809e-34	-3.963157347872223e-34	3.095037166909743e-33	-2.359022230876326e-36	-2.2646613416412727e-34	9.200186700417658e-35	1.5097742277608486e-33	-1.935607984308786e-34	1.1492672406833353e-35	7.432734659745746e-33	-1.9820625759321977e-32	5.574550994809278e-33	-5.264853717319903e-33	-6.503642827277505e-33	5.079035350826249e-32	-3.8712159686175597e-35	-3.716367329872867e-33	1.5097742277608486e-33	2.4775782199152373e-32
244.06666666666666	0.006923977111197723	-0.0013049031675778581	-0.3289522081335434	0.9728932791819888	-0.14643196252248833	-0.17898700420512867	0.15080317207724642	0.9885027220794689	0.010989619325121809	0.17531990934846678	-0.03768353477691639	0.9837900592061127	4.116947451000503e-36	-5.925909209773438e-37	0.	-1.916251904465686e-34	5.988287201455291e-35	-4.790629761164215e-35	3.193753174109495e-35	-7.185944641746349e-34	-3.742679500909557e-36	-2.3953148805821074e-35	-1.2974622269819735e-35	3.193753174109492e-34	-5.925909209773438e-37	8.529717801946675e-38	0.	2.7582413776400006e-35	-8.619504305125033e-36	6.895603444100002e-36	-4.597068962733341e-36	1.034340516615004e-34	5.3871901907031455e-37	3.447801722050001e-36	1.86755926611042e-36	-4.5970689627333413e-35	0.	0.	0.	0.	0.	0.	0.	0.	0.	0.	0.	0.	-1.916251904465686e-34	2.7582413776400006e-35	0.	8.91928159169485e-33	-2.787275497404639e-33	2.2298203979237126e-33	-1.4865469319491467e-33	3.344730596885584e-32	1.7420471858778993e-34	1.1149101989618563e-33	6.039096911043394e-34	-1.4865469319491493e-32	5.988287201455291e-35	-8.619504305125033e-36	0.	-2.787275497404639e-33	8.710235929389486e-34	-6.968188743511597e-34	4.6454591623410915e-34	-1.04522831152674e-32	-5.443897455868429e-35	-3.4840943717557985e-34	-1.8872177847010513e-34	4.645459162341051e-33	-4.790629761164215e-35	6.895603444100002e-36	0.	2.2298203979237126e-33	-6.968188743511597e-34	5.574550994809282e-34	-3.716367329872867e-34	8.36182649221396e-33	4.355117964694748e-35	2.787275497404641e-34	1.5097742277608485e-34	-3.716367329872873e-33	3.193753174109495e-35	-4.597068962733341e-36	0.	-1.4865469319491467e-33	4.6454591623410915e-34	-3.716367329872867e-34	2.4775782199152364e-34	-5.5745509948092866e-33	-2.90341197646317e-35	-1.8581836649364274e-34	-1.0065161518405662e-34	2.4775782199152382e-33	-7.185944641746349e-34	1.034340516615004e-34	0.	3.344730596885584e-32	-1.04522831152674e-32	8.36182649221396e-33	-5.5745509948092866e-33	1.254273973832087e-31	6.532676947042146e-34	4.180913246106961e-33	2.264661341641267e-33	-5.574550994809293e-32	-3.742679500909557e-36	5.3871901907031455e-37	0.	1.7420471858778993e-34	-5.443897455868429e-35	4.355117964694748e-35	-2.90341197646317e-35	6.532676947042146e-34	3.402435909917781e-36	2.1775589823473752e-35	1.179511115438163e-35	-2.903411976463168e-34	-2.3953148805821074e-35	3.447801722050001e-36	0.	1.1149101989618563e-33	-3.4840943717557985e-34	2.787275497404641e-34	-1.8581836649364274e-34	4.180913246106961e-33	2.1775589823473752e-35	1.3936377487023232e-34	7.548871138804243e-35	-1.8581836649364335e-33	-1.2974622269819735e-35	1.86755926611042e-36	0.	6.039096911043394e-34	-1.8872177847010513e-34	1.5097742277608485e-34	-1.0065161518405662e-34	2.264661341641267e-33	1.179511115438163e-35	7.548871138804243e-35	4.088971866852297e-35	-1.0065161518405671e-33	3.193753174109492e-34	-4.5970689627333413e-35	0.	-1.4865469319491493e-32	4.645459162341051e-33	-3.716367329872873e-33	2.4775782199152382e-33	-5.574550994809293e-32	-2.903411976463168e-34	-1.8581836649364335e-33	-1.0065161518405671e-33	2.4775782199152373e-32
279.06666666666666	0.007526019948254076	-0.002023678740670148	-0.3578421462478568	0.966589380435977	-0.14694857413053625	-0.2100263940303533	0.149218533021318	0.9887911569086065	-0.005086985580528772	0.20841976641229837	-0.026422804172396463	0.977682482398201	2.5556074167826788e-36	-8.354870401020344e-37	1.3210524492907354e-34	-1.7614032657209874e-34	-2.516290379601421e-35	8.807016328604937e-35	8.177943733704572e-35	-5.158395278182907e-34	-8.846333365786222e-37	-6.290725949003521e-35	7.47023706444168e-36	-6.290725949003521e-35	-8.354870401020344e-37	2.7313999387951113e-37	-4.3188253149889704e-35	5.758433753318589e-35	8.22633393331232e-36	-2.8792168766592946e-35	-2.67355852832651e-35	1.6863984563290252e-34	2.892070523430102e-37	2.056583483328087e-35	-2.4421928864520973e-36	2.056583483328087e-35	1.3210524492907354e-34	-4.3188253149889704e-35	6.828824968641375e-33	-9.105099958188505e-33	-1.3007285654555043e-33	4.5525499790942526e-33	4.227367837730353e-33	-2.666493559183763e-32	-4.572873862929496e-35	-3.2518214136387565e-33	3.861537928696029e-34	-3.2518214136387565e-33	-1.7614032657209874e-34	5.758433753318589e-35	-9.105099958188505e-33	1.2140133277584633e-32	1.7343047539406704e-33	-6.0700666387923165e-33	-5.6364904503071596e-33	3.555324745578367e-32	6.097165150572643e-35	4.335761884851676e-33	-5.148717238261352e-34	4.335761884851676e-33	-2.516290379601421e-35	8.22633393331232e-36	-1.3007285654555043e-33	1.7343047539406704e-33	2.477578219915245e-34	-8.67152376970335e-34	-8.052129214724547e-34	5.079035350826236e-33	8.710235929389502e-36	6.193945549788118e-34	-7.355310340373346e-35	6.193945549788118e-34	8.807016328604937e-35	-2.8792168766592946e-35	4.5525499790942526e-33	-6.0700666387923165e-33	-8.67152376970335e-34	3.0350333193961582e-33	2.8182452251535798e-33	-1.7776623727891835e-32	-3.0485825752863215e-35	-2.167880942425838e-33	2.574358619130676e-34	-2.167880942425838e-33	8.177943733704572e-35	-2.67355852832651e-35	4.227367837730353e-33	-5.6364904503071596e-33	-8.052129214724547e-34	2.8182452251535798e-33	2.616941994785472e-33	-1.6506864890185287e-32	-2.830826677051591e-35	-2.0130323036811304e-33	2.390475860621345e-34	-2.0130323036811304e-33	-5.158395278182907e-34	1.6863984563290252e-34	-2.666493559183763e-32	3.555324745578367e-32	5.079035350826236e-33	-1.7776623727891835e-32	-1.6506864890185287e-32	1.0412022469193767e-31	1.785598365524853e-34	1.2697588377065621e-32	-1.5078386197765374e-33	1.2697588377065621e-32	-8.846333365786222e-37	2.892070523430102e-37	-4.572873862929496e-35	6.097165150572643e-35	8.710235929389502e-36	-3.0485825752863215e-35	-2.830826677051591e-35	1.785598365524853e-34	3.062192318926004e-37	2.1775589823473752e-35	-2.5858512915375146e-36	2.1775589823473752e-35	-6.290725949003521e-35	2.056583483328087e-35	-3.2518214136387565e-33	4.335761884851676e-33	6.193945549788118e-34	-2.167880942425838e-33	-2.0130323036811304e-33	1.2697588377065621e-32	2.1775589823473752e-35	1.5484863874470233e-33	-1.838827585093342e-34	1.5484863874470233e-33	7.47023706444168e-36	-2.4421928864520973e-36	3.861537928696029e-34	-5.148717238261352e-34	-7.355310340373346e-35	2.574358619130676e-34	2.390475860621345e-34	-1.5078386197765374e-33	-2.5858512915375146e-36	-1.838827585093342e-34	2.1836077572983475e-35	-1.838827585093342e-34	-6.290725949003521e-35	2.056583483328087e-35	-3.2518214136387565e-33	4.335761884851676e-33	6.193945549788118e-34	-2.167880942425838e-33	-2.0130323036811304e-33	1.2697588377065621e-32	2.1775589823473752e-35	1.5484863874470233e-33	-1.838827585093342e-34	1.5484863874470233e-33
314.06666666666666	0.00899784295854334	-0.0021157937862653076	-0.38720276514425805	0.9613251358443341	-0.1437520221128414	-0.23492411398648955	0.18001624138337807	0.9735147711965247	0.140936663435699	0.2084421647173847	-0.17777611313293878	0.9617419183789765	2.5556074167826788e-36	0.	-1.3210524492907354e-34	2.6421048985814708e-34	5.661653354103182e-35	-5.032580759202842e-35	3.7744355694021214e-35	-4.655137202262635e-34	-4.4035081643024684e-35	-1.5726814872508802e-35	-3.145362974501776e-36	6.290725949003521e-35	0.	0.	0.	0.	0.	0.	0.	0.	0.	0.	0.	0.	-1.3210524492907354e-34	0.	6.828824968641375e-33	-1.365764993728275e-32	-2.9266392722748774e-33	2.6014571309110085e-33	-1.9510928481832458e-33	2.4063478460926738e-32	2.2762749895471263e-33	8.129553534096891e-34	1.6259107068193803e-34	-3.2518214136387565e-33	2.6421048985814708e-34	0.	-1.365764993728275e-32	2.73152998745655e-32	5.853278544549755e-33	-5.202914261822017e-33	3.9021856963664916e-33	-4.8126956921853477e-32	-4.5525499790942526e-33	-1.6259107068193783e-33	-3.2518214136387606e-34	6.503642827277513e-33	5.661653354103182e-35	0.	-2.9266392722748774e-33	5.853278544549755e-33	1.2542739738320956e-33	-1.1149101989618563e-33	8.361826492213948e-34	-1.0312919340397155e-32	-9.755464240916229e-34	-3.4840943717557985e-34	-6.968188743511602e-35	1.3936377487023194e-33	-5.032580759202842e-35	0.	2.6014571309110085e-33	-5.202914261822017e-33	-1.1149101989618563e-33	9.91031287966098e-34	-7.432734659745734e-34	9.167039413686392e-33	8.67152376970335e-34	3.096972774894059e-34	6.193945549788112e-35	-1.2387891099576235e-33	3.7744355694021214e-35	0.	-1.9510928481832458e-33	3.9021856963664916e-33	8.361826492213948e-34	-7.432734659745734e-34	5.574550994809291e-34	-6.875279560264792e-33	-6.503642827277495e-34	-2.322729581170536e-34	-4.6454591623410685e-35	9.290918324682144e-34	-4.655137202262635e-34	0.	2.4063478460926738e-32	-4.8126956921853477e-32	-1.0312919340397155e-32	9.167039413686392e-33	-6.875279560264792e-33	8.479511457659883e-32	8.021159486975571e-33	2.86469981677699e-33	5.729399633553994e-34	-1.145879926710796e-32	-4.4035081643024684e-35	0.	2.2762749895471263e-33	-4.5525499790942526e-33	-9.755464240916229e-34	8.67152376970335e-34	-6.503642827277495e-34	8.021159486975571e-33	7.5875832984904e-34	2.7098511780322965e-34	5.419702356064574e-35	-1.0839404712129186e-33	-1.5726814872508802e-35	0.	8.129553534096891e-34	-1.6259107068193783e-33	-3.4840943717557985e-34	3.096972774894059e-34	-2.322729581170536e-34	2.86469981677699e-33	2.7098511780322965e-34	9.678039921543896e-35	1.9356079843087798e-35	-3.871215968617558e-34	-3.145362974501776e-36	0.	1.6259107068193803e-34	-3.2518214136387606e-34	-6.968188743511602e-35	6.193945549788112e-35	-4.6454591623410685e-35	5.729399633553994e-34	5.419702356064574e-35	1.9356079843087798e-35	3.871215968617566e-36	-7.742431937235119e-35	6.290725949003521e-35	0.	-3.2518214136387565e-33	6.503642827277513e-33	1.3936377487023194e-33	-1.2387891099576235e-33	9.290918324682144e-34	-1.145879926710796e-32	-1.0839404712129186e-33	-3.871215968617558e-34	-7.742431937235119e-35	1.5484863874470233e-33
349.4	0.010213181034685942	-0.0029767946801612113	-0.41604290149161277	0.9578921308601872	-0.12757652302180492	-0.2572292681826859	0.1390615029980535	0.9899187400798742	0.02688468751151969	0.25120621811582583	-0.06152331925649378	0.9659763543522216	1.3609743639671098e-37	1.4743888942977037e-37	1.7420471858779005e-35	4.935800359987378e-35	2.9034119764631772e-36	2.177558982347374e-35	1.2339500899968444e-35	-6.677847545865275e-35	-1.905364109553951e-36	-1.7420471858779005e-35	-5.8068239529263544e-36	2.0323883835242254e-35	1.4743888942977037e-37	1.5972546354891742e-37	1.8872177847010607e-35	5.34711705665302e-35	3.145362974501776e-36	2.3590222308763142e-35	1.336779264163255e-35	-7.234334841354064e-35	-2.064144452016774e-36	-1.8872177847010607e-35	-6.290725949003552e-36	2.2017540821512342e-35	1.7420471858779005e-35	1.8872177847010607e-35	2.2298203979237126e-33	6.317824460783843e-33	3.716367329872867e-34	2.787275497404639e-33	1.579456115195961e-33	-8.547644858707552e-33	-2.4388660602290572e-34	-2.2298203979237126e-33	-7.432734659745734e-34	2.6014571309110085e-33	4.935800359987378e-35	5.34711705665302e-35	6.317824460783843e-33	1.790050263888764e-32	1.052970743463977e-33	7.8972805759798e-33	4.47512565972191e-33	-2.4218327099671416e-32	-6.910120503982353e-34	-6.317824460783843e-33	-2.105941486927954e-33	7.370795204247794e-33	2.9034119764631772e-36	3.145362974501776e-36	3.716367329872867e-34	1.052970743463977e-33	6.193945549788112e-35	4.6454591623410915e-34	2.6324268586599425e-34	-1.424607476451266e-33	-4.064776767048451e-35	-3.716367329872867e-34	-1.2387891099576225e-34	4.335761884851675e-34	2.177558982347374e-35	2.3590222308763142e-35	2.787275497404639e-33	7.8972805759798e-33	4.6454591623410915e-34	3.4840943717557943e-33	1.97432014399495e-33	-1.068455607338449e-32	-3.048582575286323e-34	-2.787275497404639e-33	-9.290918324682183e-34	3.2518214136387565e-33	1.2339500899968444e-35	1.336779264163255e-35	1.579456115195961e-33	4.47512565972191e-33	2.6324268586599425e-34	1.97432014399495e-33	1.1187814149304742e-33	-6.0545817749178575e-33	-1.727530125995584e-34	-1.5794561151959656e-33	-5.264853717319877e-34	1.8426988010619584e-33	-6.677847545865275e-35	-7.234334841354064e-35	-8.547644858707552e-33	-2.4218327099671416e-32	-1.424607476451266e-33	-1.068455607338449e-32	-6.0545817749178575e-33	3.2765971958379e-32	9.34898656421139e-34	8.547644858707571e-33	2.84921495290252e-33	-9.972252335158841e-33	-1.905364109553951e-36	-2.064144452016774e-36	-2.4388660602290572e-34	-6.910120503982353e-34	-4.064776767048451e-35	-3.048582575286323e-34	-1.727530125995584e-34	9.34898656421139e-34	2.6675097533755373e-35	2.4388660602290675e-34	8.129553534096868e-35	-2.8453437369339057e-34	-1.7420471858779005e-35	-1.8872177847010607e-35	-2.2298203979237126e-33	-6.317824460783843e-33	-3.716367329872867e-34	-2.787275497404639e-33	-1.5794561151959656e-33	8.547644858707571e-33	2.4388660602290675e-34	2.229820397923717e-33	7.4327346597457e-34	-2.601457130910998e-33	-5.8068239529263544e-36	-6.290725949003552e-36	-7.432734659745734e-34	-2.105941486927954e-33	-1.2387891099576225e-34	-9.290918324682183e-34	-5.264853717319877e-34	2.84921495290252e-33	8.129553534096868e-35	7.4327346597457e-34	2.4775782199152424e-34	-8.671523769703318e-34	2.0323883835242254e-35	2.2017540821512342e-35	2.6014571309110085e-33	7.370795204247794e-33	4.335761884851675e-34	3.2518214136387565e-33	1.8426988010619584e-33	-9.972252335158841e-33	-2.8453437369339057e-34	-2.601457130910998e-33	-8.671523769703318e-34	3.03503331939616e-33
384.4	0.011854794073792346	-0.0032764505027878077	-0.4448228787564262	0.9505625714923573	-0.132115355463882	-0.28102727719650905	0.15004344215536825	0.9877366867102927	0.04316483745754419	0.2718782138090528	-0.08319717890180774	0.9587285675720613	5.443897455868439e-37	5.6707265165296035e-37	3.7744355694021214e-35	-1.4517059882315785e-34	5.8068239529263544e-36	3.484094371755801e-35	3.193753174109495e-35	-1.5097742277608485e-34	0.	3.193753174109495e-35	9.436088923505303e-36	-9.290918324682167e-35	5.6707265165296035e-37	5.907006788051694e-37	3.9317037181272165e-35	-1.5121937377412336e-34	6.048774950964956e-36	3.629264970578946e-35	3.326826223030721e-35	-1.5726814872508866e-34	0.	3.326826223030721e-35	9.829259295318041e-36	-9.67803992154393e-35	3.7744355694021214e-35	3.9317037181272165e-35	2.616941994785463e-33	-1.0065161518405674e-32	4.026064607362273e-34	2.4156387644173577e-33	2.2143355340492516e-33	-1.0467767979141852e-32	0.	2.2143355340492516e-33	6.542354986963658e-34	-6.441703371779637e-33	-1.4517059882315785e-34	-1.5121937377412336e-34	-1.0065161518405674e-32	3.871215968617558e-32	-1.5484863874470288e-33	-9.290918324682102e-33	-8.516675130958645e-33	4.02606460736227e-32	0.	-8.516675130958645e-33	-2.5162903796014186e-33	2.477578219915246e-32	5.8068239529263544e-36	6.048774950964956e-36	4.026064607362273e-34	-1.5484863874470288e-33	6.193945549788112e-35	3.716367329872867e-34	3.4066700523834624e-34	-1.6104258429449093e-33	0.	3.4066700523834624e-34	1.0065161518405683e-34	-9.91031287966098e-34	3.484094371755801e-35	3.629264970578946e-35	2.4156387644173577e-33	-9.290918324682102e-33	3.716367329872867e-34	2.2298203979237126e-33	2.044002031430077e-33	-9.66255505766943e-33	0.	2.044002031430077e-33	6.039096911043394e-34	-5.946187727796587e-33	3.193753174109495e-35	3.326826223030721e-35	2.2143355340492516e-33	-8.516675130958645e-33	3.4066700523834624e-34	2.044002031430077e-33	1.8736685288108987e-33	-8.85734213619698e-33	0.	1.8736685288108987e-33	5.535838835123113e-34	-5.450672083813519e-33	-1.5097742277608485e-34	-1.5726814872508866e-34	-1.0467767979141852e-32	4.02606460736227e-32	-1.6104258429449093e-33	-9.66255505766943e-33	-8.85734213619698e-33	4.187107191656752e-32	0.	-8.857342136196975e-33	-2.61694199478547e-33	2.576681348711845e-32	0.	0.	0.	0.	0.	0.	0.	0.	0.	0.	0.	0.	3.193753174109495e-35	3.326826223030721e-35	2.2143355340492516e-33	-8.516675130958645e-33	3.4066700523834624e-34	2.044002031430077e-33	1.8736685288108987e-33	-8.857342136196975e-33	0.	1.8736685288108987e-33	5.535838835123109e-34	-5.450672083813517e-33	9.436088923505303e-36	9.829259295318041e-36	6.542354986963658e-34	-2.5162903796014186e-33	1.0065161518405683e-34	6.039096911043394e-34	5.535838835123113e-34	-2.61694199478547e-33	0.	5.535838835123109e-34	1.6355887467409187e-34	-1.6104258429449032e-33	-9.290918324682167e-35	-9.67803992154393e-35	-6.441703371779637e-33	2.477578219915246e-32	-9.91031287966098e-34	-5.946187727796587e-33	-5.450672083813519e-33	2.576681348711845e-32	0.	-5.450672083813517e-33	-1.6104258429449032e-33	1.585650060745755e-32
419.4	0.013792094249001524	-0.003556640173169033	-0.47354398141392545	0.943899817465251	-0.12427641601222296	-0.305955073519337	0.144939724945342	0.9883855273813841	0.04567850036707747	0.29672480638098775	-0.08746097236009516	0.9509495084345949	2.5556074167826788e-36	6.389018541956697e-37	6.290725949003521e-35	-6.290725949003521e-35	-2.830826677051591e-35	-1.2581451898007042e-34	4.088971866852286e-35	3.648621050422058e-34	0.	1.0065161518405683e-34	-5.504385205378073e-35	-3.7744355694021026e-34	6.389018541956697e-37	1.5972546354891742e-37	1.5726814872508802e-35	-1.5726814872508802e-35	-7.077066692628977e-36	-3.1453629745017604e-35	1.0222429667130715e-35	9.121552626055145e-35	0.	2.516290379601421e-35	-1.3760963013445182e-35	-9.436088923505257e-35	6.290725949003521e-35	1.5726814872508802e-35	1.5484863874470288e-33	-1.5484863874470288e-33	-6.968188743511597e-34	-3.0969727748940576e-33	1.0065161518405633e-33	8.98122104719272e-33	0.	2.477578219915247e-33	-1.3549255890161483e-33	-9.290918324682102e-33	-6.290725949003521e-35	-1.5726814872508802e-35	-1.5484863874470288e-33	1.5484863874470288e-33	6.968188743511597e-34	3.0969727748940576e-33	-1.0065161518405633e-33	-8.98122104719272e-33	0.	-2.477578219915247e-33	1.3549255890161483e-33	9.290918324682102e-33	-2.830826677051591e-35	-7.077066692628977e-36	-6.968188743511597e-34	6.968188743511597e-34	3.135684934580239e-34	1.3936377487023194e-33	-4.529322683282545e-34	-4.041549471236734e-33	0.	-1.1149101989618563e-33	6.097165150572646e-34	4.18091324610698e-33	-1.2581451898007042e-34	-3.1453629745017604e-35	-3.0969727748940576e-33	3.0969727748940576e-33	1.3936377487023194e-33	6.193945549788115e-33	-2.0130323036811267e-33	-1.796244209438544e-32	0.	-4.955156439830494e-33	2.7098511780322965e-33	1.8581836649364205e-32	4.088971866852286e-35	1.0222429667130715e-35	1.0065161518405633e-33	-1.0065161518405633e-33	-4.529322683282545e-34	-2.0130323036811267e-33	6.54235498696368e-34	5.837793680675283e-33	0.	1.610425842944906e-33	-8.807016328604956e-34	-6.039096911043394e-33	3.648621050422058e-34	9.121552626055145e-35	8.98122104719272e-33	-8.98122104719272e-33	-4.041549471236734e-33	-1.796244209438544e-32	5.837793680675283e-33	5.209108207371796e-32	0.	1.4369953675508347e-32	-7.858568416293638e-33	-5.388732628315631e-32	0.	0.	0.	0.	0.	0.	0.	0.	0.	0.	0.	0.	1.0065161518405683e-34	2.516290379601421e-35	2.477578219915247e-33	-2.477578219915247e-33	-1.1149101989618563e-33	-4.955156439830494e-33	1.610425842944906e-33	1.4369953675508347e-32	0.	3.964125151864388e-33	-2.1678809424258372e-33	-1.4865469319491468e-32	-5.504385205378073e-35	-1.3760963013445182e-35	-1.3549255890161483e-33	1.3549255890161483e-33	6.097165150572646e-34	2.7098511780322965e-33	-8.807016328604956e-34	-7.858568416293638e-33	0.	-2.1678809424258372e-33	1.1855598903891274e-33	8.129553534096888e-33	-3.7744355694021026e-34	-9.436088923505257e-35	-9.290918324682102e-33	9.290918324682102e-33	4.18091324610698e-33	1.8581836649364205e-32	-6.039096911043394e-33	-5.388732628315631e-32	0.	-1.4865469319491468e-32	8.129553534096888e-33	5.574550994809293e-32
